4294967279,34
4294967279,33
4294967278,141
4294967279,542
4294967278,139
4294967278,138
4294967279,36
4294967279,35
4294967278,136
4294967279,39
4294967279,38
4294967279,37
4294967278,135
4294967279,133
4294967279,43
4294967279,42
4294967279,41
4294967279,40
4294967278,133
4294967278,276
4294967279,269
4294967278,284
4294967279,267
4294967279,47
4294967279,46
4294967279,45
4294967279,44
4294967278,274
4294967278,273
4294967279,52
4294967279,51
4294967279,50
4294967279,49
4294967279,48
4294967278,270
4294967279,541
4294967279,540
4294967279,264
4294967278,349
4294967279,276
4294967278,267
4294967279,262
4294967278,281
4294967279,55
4294967279,54
4294967279,53
4294967278,265
4294967279,259
4294967279,258
4294967279,57
4294967279,56
4294967278,348
4294967278,262
4294967279,60
4294967279,59
4294967279,58
4294967278,261
4294967279,253
4294967279,65
4294967279,64
4294967279,63
4294967279,62
4294967279,61
4294967278,347
4294967278,346
4294967279,539
4294967279,74
4294967279,73
4294967279,72
4294967279,71
4294967279,70
4294967279,69
4294967279,68
4294967279,67
4294967279,66
4294967278,256
4294967278,345
4294967278,174
4294967279,252
4294967279,538
4294967278,344
4294967279,537
4294967278,343
4294967279,536
4294967278,254
4294967279,86
4294967279,85
4294967279,84
4294967279,83
4294967279,82
4294967279,81
4294967279,80
4294967279,79
4294967279,78
4294967279,77
4294967279,76
4294967279,75
4294967279,535
4294967278,342
4294967279,250
4294967294,942
4294967294,941
4294967294,939
4294967294,938
4294967294,933
4294967294,922
4294967294,128
4294967294,830
4294967294,829
4294967294,828
4294967294,827
4294967294,60
4294967278,250
4294967279,247
4294967278,246
4294967279,245
4294967279,93
4294967279,92
4294967279,91
4294967279,90
4294967279,89
4294967279,87
4294967278,245
4294967279,244
4294967279,242
4294967279,239
4294967279,108
4294967279,107
4294967279,106
4294967279,105
4294967279,104
4294967279,103
4294967279,102
4294967279,101
4294967279,100
4294967279,99
4294967279,98
4294967279,97
4294967279,96
4294967279,95
4294967279,94
4294967279,534
4294967279,236
4294967278,236
4294967279,235
4294967278,234
4294967294,30
4294967294,164
4294967294,165
4294967294,113
4294967294,177
4294967279,233
4294967278,232
4294967279,231
4294967294,180
4294967294,176
4294967294,12
4294967294,162
4294967278,230
4294967294,104
4294967294,106
4294967294,166
4294967294,24
4294967294,190
4294967294,443
4294967279,129
4294967279,128
4294967279,127
4294967279,126
4294967279,125
4294967279,124
4294967279,123
4294967279,122
4294967279,121
4294967279,120
4294967279,119
4294967279,118
4294967279,117
4294967279,116
4294967279,115
4294967279,114
4294967279,113
4294967279,112
4294967279,111
4294967279,110
4294967279,109
4294967278,37
4294967278,36
4294967278,35
4294967278,34
4294967278,33
4294967278,32
4294967278,31
4294967278,30
4294967278,29
4294967278,28
4294967278,27
4294967278,26
4294967278,137
4294967278,25
4294967278,24
4294967278,23
4294967278,22
4294967278,21
4294967278,20
4294967278,19
4294967278,275
4294967278,18
4294967278,17
4294967278,16
4294967278,283
4294967278,15
4294967278,271
4294967278,14
4294967278,13
4294967278,12
4294967278,11
4294967278,10
4294967278,280
4294967278,9
4294967278,8
4294967278,7
4294967278,6
4294967278,5
4294967278,4
4294967279,132
4294967279,131
4294967279,130
4294967279,22
4294967279,21
4294967279,19
4294967279,266
4294967279,17
4294967279,15
4294967279,14
4294967279,13
4294967279,12
4294967278,223
4294967278,217
4294967278,341
4294967278,212
29,5
29,4
29,3
29,2
29,1
4294967279,533
4294967279,532
4294967294,899
4294967294,163
4294967278,205
4294967278,340
4294967279,531
4294967278,204
4294967278,203
4294967278,202
4294967278,200
4294967278,197
28,6
4294967278,199
28,5
28,4
4294967278,198
28,3
28,2
28,1
4294967278,339
4294967278,338
4294967279,530
4294967278,337
4294967279,529
4294967278,336
4294967278,193
4294967278,192
4294967278,191
4294967278,190
4294967278,187
4294967278,189
4294967278,188
4294967278,335
4294967278,186
4294967278,185
4294967279,528
4294967278,184
4294967278,183
4294967294,436
4294967278,334
4294967279,527
4294967279,526
4294967278,333
4294967278,179
4294967294,1419
4294967278,178
4294967278,177
4294967278,176
4294967278,172
4294967278,175
25,5
25,4
4294967278,173
25,3
25,2
25,1
4294967278,332
4294967278,171
4294967278,170
4294967279,525
4294967278,169
4294967278,168
4294967278,331
4294967294,396
4294967294,179
4294967294,407
4294967294,919
4294967294,913
4294967294,398
4294967294,454
4294967294,189
4294967294,108
4294967294,175
4294967279,524
4294967279,523
4294967278,330
4294967278,164
4294967294,37
4294967294,36
4294967294,39
4294967278,163
4294967278,162
4294967278,161
4294967278,158
4294967278,160
23,5
23,4
4294967278,159
23,3
23,2
23,1
4294967278,329
4294967294,40
4294967278,157
4294967278,156
4294967279,522
4294967278,155
4294967278,154
4294967278,153
4294967278,328
4294967279,521
4294967279,520
4294967278,152
21,6
4294967294,393
4294967294,474
21,5
21,4
21,3
21,2
21,1
4294967279,519
